-999.999023
-999.999023
-999.999023
-999.999023
-999.999023
-999.999023
-999.999023
-999.999023
-999.999023
-999.999023
-999.999023
-999.999023
-999.999023
-999.999023
-999.999023
-999.999023
-999.999023
-999.999023
-999.999023
-999.999023
-999.999023
-999.999023
-999.999023
-999.999023
-999.999023
-999.999023
-999.999023
-999.999023
-999.999023
-999.999023
-999.999023
-999.999023
-999.999023
-999.999023
-999.999023
-999.999023
-999.999023
-999.999023
-999.999023
-999.999023
-999.999023
-999.999023
-999.999023
-999.999023
-999.999023
-999.999023
-999.999023
-999.999023
-999.999023
-999.999023
-999.999023
-999.999023
-999.999023
-999.999023
-999.999023
-999.999023
-999.999023
-999.999023
-999.999023
-999.999023
-999.999023
-999.999023
-999.999023
-999.999023
-999.999023
-999.999023
-999.999023
-999.999023
-999.999023
-999.999023
-999.999023
-999.999023
-999.999023
-999.999023
-999.999023
-999.999023
-999.999023
-999.999023
-999.999023
-999.999023
-999.999023
-999.999023
-999.999023
-999.999023
-999.999023
-999.999023
-999.999023
-999.999023
-999.999023
-999.999023
-999.999023
-999.999023
-999.999023
-999.999023
-999.999023
-999.999023
0.530000
0.270000
0.070000
0.000000
0.000000
